250
21 19
111111111111111111111
100000000000000101001
1000010g0000101000001
100000000000000000001
1000000000000000000s1
100010000000000000001
1000000g0001000s00001
100000100001000000001
1000000g0001000100001
100000000000010000011
100000100000000000001
100000000000000000011
100100100000100000001
100000000000000000001
100010000000000000001
100000000000000011001
100000100010000000001
101000000100000010001
111111111111111111111
4
END
10 1000000 0 3
19 4 22 103 40
19 4 25 16 5
15 6 16 12 26
END
10 993850 51 3
7 3 2 0
10 11 2 0
11 11 2 0
11 2 2 0
7 7 2 0
9 9 2 0
12 5 2 0
17 3 2 0
13 8 2 0
7 11 2 0
15 5 2 0
14 5 2 0
16 3 2 0
15 11 2 0
14 1 2 0
13 7 2 0
19 3 2 0
7 10 2 0
9 11 2 0
9 8 2 0
10 9 2 0
9 7 2 0
17 5 2 0
9 3 2 0
7 1 2 0
15 3 2 0
8 11 2 0
11 9 2 0
12 11 2 0
15 10 2 0
13 6 2 0
15 7 2 0
8 7 2 0
16 5 2 0
7 9 2 0
14 11 2 0
8 3 2 0
18 3 2 0
9 2 2 0
13 5 2 0
19 5 2 0
12 4 2 0
15 9 2 0
14 3 2 0
13 11 2 0
18 5 2 0
10 2 2 0
12 9 0 0
11 4 0 0
12 3 0 0
11 5 0 0
15 6 12 23 4
15 6 25 2386 4
15 6 19 2 5
END
9 993850 51 4
7 3 2 0
10 11 2 0
11 11 2 0
11 2 2 0
7 7 2 0
9 9 2 0
12 5 2 0
17 3 2 0
13 8 2 0
7 11 2 0
15 5 2 0
14 5 2 0
16 3 2 0
15 11 2 0
14 1 2 0
13 7 2 0
19 3 2 0
7 10 2 0
9 11 2 0
9 8 2 0
10 9 2 0
9 7 2 0
17 5 2 0
9 3 2 0
7 1 2 0
15 3 2 0
8 11 2 0
11 9 2 0
12 11 2 0
15 10 2 0
13 6 2 0
15 7 2 0
8 7 2 0
16 5 2 0
7 9 2 0
14 11 2 0
8 3 2 0
18 3 2 0
9 2 2 0
13 5 2 0
19 5 2 0
12 4 2 0
15 9 2 0
14 3 2 0
13 11 2 0
18 5 2 0
10 2 2 0
12 9 0 0
11 4 0 0
12 3 0 0
11 5 0 0
19 4 10 55 4
15 6 6 361 4
19 4 3 100 4
19 4 23 2 18
END
9 993850 51 5
7 3 2 0
10 11 2 0
11 11 2 0
11 2 2 0
7 7 2 0
9 9 2 0
12 5 2 0
17 3 2 0
13 8 2 0
7 11 2 0
15 5 2 0
14 5 2 0
16 3 2 0
15 11 2 0
14 1 2 0
13 7 2 0
19 3 2 0
7 10 2 0
9 11 2 0
9 8 2 0
10 9 2 0
9 7 2 0
17 5 2 0
9 3 2 0
7 1 2 0
15 3 2 0
8 11 2 0
11 9 2 0
12 11 2 0
15 10 2 0
13 6 2 0
15 7 2 0
8 7 2 0
16 5 2 0
7 9 2 0
14 11 2 0
8 3 2 0
18 3 2 0
9 2 2 0
13 5 2 0
19 5 2 0
12 4 2 0
15 9 2 0
14 3 2 0
13 11 2 0
18 5 2 0
10 2 2 0
12 9 0 0
11 4 0 0
12 3 0 0
11 5 0 0
19 4 16 1686 5
19 4 5 87 9
19 4 17 9 9
15 6 19 4 6
15 6 29 11 4
END
21 23
111111111111111111111
100000000000000000001
100000001000000001001
100000gg0000g00000001
100100000000000100101
100010000000000000101
100000000000000000101
100100000001000000001
100000000000000000001
1000000000g0000000001
10000010g000000000001
100000010000000000001
100100000000000000001
100100000000011000101
110000000000000010001
100000000000010101001
10000g0000000000s0001
1000010000s0000000001
100000011000010100101
100000000000000001001
100001000000001000001
110100000000000000001
111111111111111111111
4
END
9 993850 0 3
10 17 17 2 4
16 16 4 2 4
16 16 17 14 4
END
